0
0
0
0
1
1
1
2
1
2
2
3
2
4
3
5
3
6
4
7
3
7
3
9
3
10
4
11
4
12
5
13
4
13
4
15
5
17
5
18
5
18
5
20
5
21
7
22
7
26
7
27
5
28
6
30
7
31
8
33
7
34
7
36
7
36
7
40
8
42
8
43
6
43
9
45
9
48
9
52
9
53
8
54
8
54
9
57
10
60
8
60
7
61
8
64
8
64
10
69
9
68
12
69
10
74
10
77
12
81
8
80
9
81
10
84
11
83
14
91
10
92
10
91
9
94
11
98
13
100
12
99
13
103
10
104
12
109
14
116
11
115
11
115
11
113
14
119
15
126
13
128
13
130
11
128
12
135
16
135
14
140
12
138
12
140
13
146
15
150
14
155
12
149
13
149
11
157
16
160
14
166
12
163
13
161
13
165
20
172
15
180
13
178
14
178
13
184
16
186
14
189
14
187
15
187
15
194
19
203
15
207
12
203
18
199
18
209
21
219
15
220
15
222
15
217
15
229
21
233
18
232
13
233
17
227
17
240
18
251
15
250
16
244
18
240
17
257
20
264
18
262
18
270
17
264
18
271
27
284
17
283
16
283
16
274
19
292
21
298
17
293
21
296
18
291
15
305
23
316
21
317
18
321
18
305
23
320
21
331
19
335
20
337
18
323
22
344
24
349
22
345
19
355
20
347
20
359
25
371
19
373
19
364
20
357
20
377
28
388
18
387
20
387
19
380
17
389
28
398
20
412
16
396
20
388
20
411
25
419
20
418
20
414
21
406
22
427
29
443
21
440
19
441
23
423
25
444
27
465
23
464
21
453
20
440
23
472
29
482
25
474
19
475
26
466
20
482
29
502
24
506
22
493
30
475
21
515
31
524
24
521
22
527
21
504
20
530
35
532
25
540
20
542
23
518
24
553
28
566
23
557
27
556
22
535
24
569
30
589
23
575
24
587
22
558
29
576
29
603
23
602
23
606
23
572
25
611
30
624
29
607
23
622
25
593
26
632
30
645
26
641
26
641
27
603
27
660
29
665
23
661
23
667
22
629
24
656
35
674
26
684
21
675
23
652
24
688
34
706
22
697
29
685
24
673
27
704
35
727
26
731
24
720
27
695
30
717
31
751
29
753
29
740
26
714
24
752
34
777
29
749
23
765
28
735
22
759
34
794
24
786
29
780
30
737
25
800
35
806
28
805
30
806
26
785
24
809
44
819
28
840
25
831
30
796
28
843
34
855
28
855
32
845
28
811
30
870
39
886
28
879
27
892
30
843
35
876
37
904
31
909
27
905
26
854
31
922
38
939
35
909
29
933
30
879
28
941
45
970
34
971
30
955
39
900
28
986
37
978
31
992
33
995
32
932
29
990
50
1000
34
1019
29
1018
31
962
34
1029
39
1041
35
1043
37
1030
30
996
32
1055
40
1085
32
1064
37
1080
36
1027
39
1046
40
1115
28
1103
32
1098
32
1046
28
1106
41
1119
35
1087
32
1136
32
1070
28
1129
40
1146
34
1147
32
1135
34
1065
30
1168
38
1168
34
1156
32
1171
31
1112
33
1166
50
1179
35
1198
32
1212
27
1135
38
1193
47
1229
34
1228
39
1202
32
1168
29
1232
48
1257
33
1257
31
1250
35
1190
36
1223
41
1277
32
1296
34
1278
34
1195
33
1281
46
1306
45
1279
37
1325
35
1240
32
1320
42
1340
36
1345
34
1336
35
1230
35
1347
48
1365
34
1359
40
1376
32
1300
34
1361
53
1360
34
1397
30
1389
34
1320
34
1392
43
1404
35
1417
43
1393
42
1336
35
1433
52
1456
38
1449
39
1464
42
1374
41
1434
46
1484
36
1492
36
1493
32
1390
41
1501
47
1516
46
1473
39
1527
33
1438
35
1512
49
1550
38
1540
41
1526
45
1432
39
1558
51
1577
32
1581
40
1601
34
1490
36
1571
59
1556
30
1602
38
1610
36
1517
39
1599
47
1621
39
1641
47
1611
37
1538
35
1650
49
1674
40
1655
38
1682
37
1561
42
1611
48
1691
38
1697
42
1692
36
1589
37
1700
45
1705
46
1684
40
1736
37
1633
36
1725
52
1732
36
1755
39
1741
50
1621
39
1774
49
1765
34
1789
34
1774
33
1672
35
1772
60
1751
39
1802
35
1815
39
1707
43
1807
49
1839
39
1838
46
1793
41
1725
42
1843
53
1862
40
1869
38
1874
40
1759
51
1837
59
1899
45
1920
39
1900
39
1793
43
1931
57
1937
45
1884
40
1940
42
1813
35
1945
56
1972
44
1978
46
1983
47
1797
44
1989
54
1994
42
2000
45
2021
40
1891
41
1989
69
1982
45
2051
41
2058
42
1947
47
2056
52
2077
43
2083
52
2038
44
1946
43
2103
54
2110
34
2098
38
2127
44
1962
46
2061
55
2109
38
2159
40
2130
40
1986
43
2161
59
2158
49
2080
44
2168
40
2048
43
2174
53
2199
43
2199
39
2181
47
2021
44
2214
53
2218
40
2232
42
2219
43
2090
43
2222
73
2203
41
2269
40
2257
49
2138
44
2263
50
2275
47
2318
48
2248
50
2132
40
2321
50
2330
51
2328
41
2348
44
2167
46
2261
53
2346
46
2366
43
2364
45
2213
43
2369
57
2389
49
2311
47
2405
41
2259
47
2399
63
2413
41
2423
44
2405
51
2242
44
2422
58
2427
45
2463
40
2463
49
2311
45
2470
70
2426
43
2488
43
2509
49
2325
45
2499
58
2543
51
2508
57
2484
48
2363
50
2572
60
2591
44
2546
46
2592
44
2404
53
2503
66
2615
43
2595
46
2581
48
2443
50
2621
69
2638
52
2572
47
2644
46
2499
49
2670
63
2669
44
2692
45
2675
62
2448
47
2699
58
2694
48
2728
50
2725
47
2539
50
2728
69
2684
43
2749
45
2763
48
2597
50
2748
60
2799
54
2767
66
2712
47
2623
48
2820
66
2840
50
2789
50
2824
51
2665
57
2776
66
2850
50
2906
50
2872
56
2702
53
2922
62
2872
57
2846
48
2919
52
2744
51
2921
62
2921
51
2927
51
2918
61
2712
56
2964
68
2986
51
2976
57
3006
47
2802
49
2986
81
2972
46
3016
52
3023
51
2853
51
3024
78
3077
49
3085
61
2995
56
2889
53
3111
74
3106
51
3084
51
3144
54
2892
60
3046
72
3154
57
3167
52
3163
51
2936
48
3211
73
3195
60
3114
53
3209
57
3007
53
3194
66
3250
51
3237
57
3223
59
2980
53
3253
70
3271
55
3291
51
3285
50
3088
55
3300
86
3212
54
3317
52
3339
56
3116
55
3353
68
3370
53
3354
61
3279
57
3135
54
3421
65
3391
57
3367
52
3422
51
3177
73
3353
69
3426
55
3448
47
3436
51
3232
54
3476
74
3473
66
3389
47
3456
50
3283
53
3513
78
3515
51
3516
60
3512
63
3217
52
3526
70
3557
54
3580
52
3560
57
3308
56
3557
82
3514
58
3621
57
3634
55
3384
58
3616
71
3678
57
3624
66
3561
55
3426
53
3651
66
3706
51
3659
59
3697
49
3443
64
3601
73
3712
56
3724
56
3716
62
3495
52
3743
77
3705
67
3662
53
3781
59
3543
57
3800
73
3792
56
3816
59
3825
69
3485
58
3837
71
3870
61
3833
54
3855
51
3597
61
3864
91
3812
54
3904
61
3902
54
3663
57
3914
79
3982
60
3945
70
3797
55
3704
56
3984
84
3972
53
4001
47
4004
55
3722
69
3896
73
3999
55
4054
51
4054
54
3742
61
4062
75
4046
75
3957
55
4088
54
3764
62
4102
75
4127
55
4119
55
4088
64
3743
58
4096
74
4181
56
4175
58
4134
57
3898
58
4152
95
4084
58
4196
55
4187
59
3953
53
4228
80
4220
58
4214
64
4102
63
3969
57
4306
75
4273
56
4264
56
4292
63
3959
72
4165
71
4337
61
4299
55
4336
60
4029
70
4339
76
4376
72
4237
60
4377
55
4092
57
4371
76
4419
61
4402
58
4320
64
4018
56
4408
84
4447
58
4450
61
4431
59
4170
60
4462
94
4354
55
4527
60
4511
58
4170
65
4495
79
4537
67
4516
69
4424
56
4214
61
4555
79
4597
62
4556
59
4614
61
4265
72
4433
77
4652
57
4650
74
4630
58
4307
52
4637
77
4664
73
4573
55
4636
57
4372
60
4680
79
4652
55
4732
62
4668
74
4267
66
4718
94
4746
58
4752
61
4758
57
4453
62
4772
95
4687
57
4787
61
4809
67
4479
63
4828
79
4879
63
4847
74
4695
67
4535
59
4853
85
4897
65
4890
62
4862
60
4554
78
4810
92
4946
63
4941
62
4948
57
4616
66
5010
86
4971
80
4858
61
4995
58
4624
69
5028
81
5049
67
5059
64
5027
74
4560
64
5046
81
5103
59
5090
62
5082
68
4743
69
5051
97
4966
63
5154
72
5138
70
4805
62
5192
77
5190
63
5167
79
5019
60
4847
66
5224
88
5169
60
5199
72
5243
66
4841
73
5119
88
5276
59
5273
64
5268
59
4918
64
5287
83
5301
77
5123
60
5329
63
4965
72
5303
91
5386
68
5352
67
5347
77
4882
63
5387
86
5449
63
5435
64
5352
60
5057
58
5448
107
5317
65
5478
66
5460
67
5096
61
5465
76
5498
65
5513
74
5341
59
5082
65
5508
87
5518
77
5578
60
5605
58
5158
87
5399
85
5588
67
5598
64
5557
66
5203
65
5588
89
5636
75
5488
69
5631
61
5274
67
5659
84
5686
73
5750
67
5643
73
5161
72
5731
88
5683
69
5753
63
5726
69
5354
68
5776
101
5604
67
5811
69
5798
59
5376
68
5819
85
5842
69
5747
85
5658
65
5421
74
5845
88
5904
68
5920
66
5889
67
5463
83
5727
86
5953
65
5954
68
5868
69
5528
67
5963
112
5963
82
5788
62
5952
65
5613
72
6002
88
5980
73
6073
69
6011
79
5445
67
6083
92
6092
74
6109
67
6080
72
5691
69
6034
103
5952
65
6159
72
6149
74
5724
67
6084
90
6213
79
6163
97
6027
71
5809
66
6219
91
6240
77
6274
70
6185
75
5813
81
6093
93
6240
72
6342
67
6292
76
5875
68
6335
88
6302
82
6190
72
6366
63
5917
76
6354
85
6320
76
6371
67
6391
83
5798
78
6380
89
6445
64
6450
65
6444
65
5985
68
6416
114
6313
70
6524
79
6428
71
6024
63
6532
101
6556
72
6535
80
6329
63
6106
72
6581
96
6553
74
6622
66
6600
65
6075
86
6405
103
6650
76
6629
67
6640
68
6194
71
6651
89
6661
82
6494
64
6680
71
6244
82
6612
86
6742
71
6770
74
6691
90
6067
73
6688
90
6793
74
6814
67
6743
73
6348
74
6793
113
6601
79
6872
72
6829
78
6389
72
6880
99
6911
74
6837
85
6634
75
6473
72
6915
110
6923
71
6900
71
6941
73
6498
96
6774
92
7004
67
7016
74
6972
67
6499
79
7022
98
7026
82
6866
75
6999
70
6575
73
7041
105
7124
75
7144
79
7074
85
6435
80
7130
101
7175
72
7163
78
7157
77
6610
75
7156
116
7010
76
7262
74
7210
74
6723
70
7232
98
7247
72
7250
89
7090
76
6782
80
7211
111
7311
68
7336
76
7345
70
6773
85
7133
100
7338
81
7422
74
7325
73
6830
71
7445
101
7358
87
7232
74
7412
92
6928
77
7377
97
7500
75
7528
74
7441
87
6760
80
7500
94
7556
74
7483
72
7526
71
7027
88
7530
121
7394
82
7621
75
7507
74
7070
78
7602
102
7664
80
7657
87
7342
81
7100
79
7693
109
7696
76
7734
73
7701
81
7136
104
7519
100
7687
80
7768
75
7743
77
7200
82
7813
97
7814
101
7578
74
7813
74
7302
85
7821
106
7909
81
7881
83
7838
91
7116
79
7799
97
7985
74
7932
81
7917
79
7388
80
7915
122
7761
77
8033
80
7944
82
7437
79
8032
119
8002
72
7976
104
7788
84
7534
82
8118
97
8089
70
8120
77
8085
73
7517
104
7919
104
8178
78
8104
79
8137
81
7636
94
8128
98
8185
97
7985
86
8191
77
7687
85
8193
101
8297
77
8345
75
8160
90
7487
80
8305
110
8320
75
8331
82
8229
75
7766
79
8374
120
8099
82
8427
76
8305
80
7740
83
8466
108
8418
94
8452
97
8186
74
7850
81
8469
110
8439
73
8526
74
8486
82
7913
89
8136
104
8521
80
8626
87
8488
83
7963
79
8568
109
8568
95
8396
85
8539
82
7995
79
8603
111
8637
80
8709
77
8558
104
7804
79
8705
109
8740
78
8691
79
8710
84
8125
79
8741
138
8572
79
8650
71
8751
83
8195
88
8836
116
8842
88
8859
90
8576
84
8263
89
8904
106
8918
83
8905
78
8797
83
8247
97
8626
111
8984
78
8956
77
8911
84
8283
83
9019
107
9007
100
8779
82
9000
85
8337
81
9022
104
9084
101
9076
77
8943
102
8223
79
9110
110
9129
80
9137
77
9093
81
8538
82
9065
119
8898
82
9202
89
9190
73
8546
95
9190
110
9189
85
9234
89
8956
77
8626
85
9236
106
9200
76
9301
85
9237
90
8610
96
9041
106
9372
79
9325
92
9298
81
8649
78
9372
108
9414
108
9073
84
9373
81
8788
88
9381
107
9456
83
9472
81
9382
104
8530
82
9412
117
9529
87
9483
87
9404
82
8880
78
9514
146
9323
85
9623
80
9567
90
8923
79
9608
118
9640
82
9672
93
9296
94
8879
81
9572
113
9686
92
9740
85
9653
87
9019
102
9417
123
9763
90
9746
84
9735
85
9097
86
9727
120
9814
110
9571
93
9783
83
9144
87
9857
109
9947
89
9913
75
9780
99
8902
98
9943
111
9892
80
9939
82
9947
94
9204
95
9986
127
9687
87
9989
81
9976
79
9289
81
10044
110
10050
90
9948
102
9761
92
9336
91
10098
116
10116
80
10136
88
10119
85
9335
103
9818
111
10203
81
10179
82
10041
82
9486
96
10225
129
10223
102
9921
77
10222
79
9526
85
10206
116
10318
93
10228
84
10184
107
9215
90
10287
116
10403
95
10368
82
10300
83
9634
84
10331
142
10138
92
10358
94
10407
86
9704
80
10238
117
10516
85
10475
110
10135
86
9717
92
10444
108
10561
81
10614
80
10439
86
9764
106
10172
112
10477
97
10632
89
10500
101
9851
89
10613
113
10637
108
10373
95
10605
87
9862
87
10669
105
10742
94
10638
88
10639
106
9660
109
10726
125
10739
82
10790
90
10743
88
10046
78
10767
150
10502
88
10874
97
10680
84
10098
88
10880
139
10923
92
10929
113
10538
82
10021
91
10922
123
11013
87
11102
84
10916
89
10072
108
10667
114
11046
97
11071
96
10999
91
10271
86
11061
134
11107
108
10663
85
11071
98
10314
98
11010
116
11199
93
11168
98
11109
111
10062
92
11224
122
11234
89
11253
84
11193
98
10468
90
11163
144
10875
96
11334
84
11293
106
10531
86
11335
116
11338
87
11347
103
10967
98
10521
92
11366
120
11386
97
11359
90
11258
95
10598
110
11165
112
11480
95
11472
99
11423
92
10679
90
11503
123
11550
110
11221
90
11429
91
10713
95
11494
131
11613
89
11566
97
11551
112
10492
92
11563
121
11658
95
11662
93
11682
104
10765
95
11660
144
11411
107
11758
96
11708
94
10863
94
11765
118
11804
96
11753
107
11446
94
10933
96
11681
127
11872
99
11893
103
11863
93
11002
95
11539
145
11938
87
11874
94
11849
95
11149
94
11946
122
11911
104
11682
94
11987
104
11157
95
11929
124
12150
95
12044
101
11984
123
10870
96
11993
126
12193
95
12053
93
12078
93
11275
105
12150
147
11907
97
12214
89
12141
92
11324
92
12202
131
12252
99
12253
115
11708
97
11393
98
12296
140
12349
93
12318
93
12285
97
11456
125
11991
129
12373
92
12378
101
12357
97
11451
105
12486
126
12465
124
12101
95
12447
93
11616
102
12488
128
12572
98
12517
101
12470
111
11290
100
12492
122
12609
97
12573
116
12561
103
11666
102
12610
160
12279
105
12731
92
12658
100
11858
95
12707
142
12627
91
12724
121
12398
109
11858
90
12683
139
12850
93
12771
99
12816
102
11853
118
12491
130
12893
100
12795
99
12894
95
12010
106
12885
119
12955
118
12560
94
12863
112
12050
91
12829
125
13110
107
13012
98
12850
128
11803
95
13080
152
13097
96
13078
102
13103
96
12174
97
13118
157
12761
110
13180
96
13116
104
12108
91
13209
127
13253
109
13222
120
12831
98
12225
105
13233
134
13353
101
13348
100
13334
105
12347
124
12829
134
13330
99
13386
109
13365
95
12453
93
13404
137
13365
119
13045
99
13359
92
12501
103
13467
128
13438
99
13498
108
13515
126
12141
108
13516
130
13627
96
13549
104
13638
95
12559
95
13561
161
13301
98
13474
84
13656
95
12644
120
13672
140
13691
95
13600
118
13207
97
12709
99
13765
124
13790
102
13794
105
13574
101
12792
122
13416
147
13818
101
13832
98
13806
112
12911
102
13767
138
13846
120
13537
100
13833
107
12870
106
13892
136
14054
115
13971
111
13918
128
12671
102
14050
138
14096
110
14058
109
14024
99
13131
103
13927
153
13751
98
14141
105
14153
96
13108
100
14161
126
14169
98
14148
135
13733
106
13209
108
14252
147
14030
88
14324
106
14237
114
13252
119
13877
151
14329
98
14399
103
14369
102
13268
102
14413
144
14427
125
13846
112
14421
108
13331
115
14421
136
14600
100
14510
116
14482
127
13011
98
14521
137
14634
105
14551
108
14506
