0
0
0
0
0
1
1
2
3
4
4
6
5
7
8
8
10
13
12
16
17
17
20
22
21
26
26
26
31
34
34
42
42
43
50
50
51
58
57
60
68
69
72
79
79
82
89
89
90
100
98
104
113
113
117
129
126
134
138
139
140
154
150
159
169
168
176
187
179
189
195
193
205
213
212
225
234
234
247
251
250
260
269
265
280
290
287
307
313
310
323
333
326
346
354
347
367
386
371
403
408
400
426
436
418
454
458
449
487
492
477
518
522
506
548
545
529
579
583
569
624
620
605
659
653
625
685
681
660
732
716
695
770
757
731
805
773
762
832
822
795
882
859
848
928
896
873
962
930
918
1002
962
955
1045
1022
994
1089
1048
1030
1136
1096
1066
1184
1143
1121
1243
1181
1164
1284
1239
1206
1331
1271
1250
1393
1336
1299
1451
1378
1354
1499
1418
1397
1557
1490
1462
1614
1542
1505
1692
1596
1551
1730
1637
1605
1810
1687
1670
1869
1758
1727
1918
1797
1773
2003
1873
1847
2061
1933
1912
2149
1973
1965
2183
2052
2036
2252
2117
2086
2349
2185
2152
2386
2244
2214
2492
2297
2283
2535
2399
2359
2632
2443
2416
2697
2513
2472
2755
2575
2543
2876
2635
2621
2921
2736
2705
3011
2788
2755
3097
2884
2824
3186
2955
2916
3293
3002
2973
3327
3120
3057
3448
3172
3132
3542
3286
3206
3633
3340
3303
3743
3422
3384
3830
3531
3508
3905
3588
3542
4008
3710
3629
4115
3772
3742
4250
3857
3827
4306
3976
3942
4403
4067
3987
4552
4199
4098
4633
4235
4183
4755
4341
4263
4845
4446
4404
4950
4555
4470
5094
4685
4585
5173
4756
4672
5364
4859
4792
5423
4975
4927
5524
5074
4958
5665
5206
5072
5780
5285
5207
5985
5398
5308
6035
5524
5445
6190
5623
5535
6321
5775
5642
6428
5848
5744
6629
5940
5853
6683
6103
6055
6857
6224
6110
6964
6393
6209
7136
6453
6364
7320
6561
6472
7376
6724
6636
7541
6810
6682
7678
6994
6845
7858
7077
6984
8037
7191
7083
8121
7348
7302
8253
7471
7327
8411
7684
7452
8575
7696
7582
8752
7843
7711
8873
8027
7952
9007
8154
7952
9200
8313
8116
9305
8370
8258
9571
8538
8400
9651
8659
8603
9757
8787
8652
9959
9062
8815
10127
9127
8951
10441
9247
9100
10442
9389
9316
10614
9573
9358
10824
9761
9502
10955
9828
9680
11277
9983
9846
11304
10175
10076
11542
10313
10148
11651
10542
10284
11837
10649
10445
12178
10753
10600
12177
10953
10876
12396
11151
10896
12584
11402
11053
12844
11434
11253
13086
11552
11381
13116
11804
11661
13384
11928
11683
13527
12197
11907
13751
12289
12073
14055
12464
12219
14178
12637
12570
14285
12811
12523
14504
13127
12708
14773
13134
12881
15083
13275
13106
15145
13530
13407
