0
0
0
0
0
0
1
1
1
1
1
2
1
2
2
2
2
3
3
4
4
5
4
6
5
7
7
9
7
9
8
12
10
14
10
16
11
17
14
21
13
22
16
26
18
30
19
32
20
34
24
40
22
41
27
48
29
53
30
56
33
62
38
70
35
70
42
81
44
87
44
92
50
99
56
111
50
111
62
127
62
134
64
141
70
152
75
165
71
166
87
189
84
196
86
205
98
221
101
237
95
239
116
269
111
274
114
290
127
310
131
329
125
333
149
369
142
375
148
396
163
419
163
440
160
449
188
491
176
498
183
525
204
553
199
575
197
591
232
639
216
642
221
681
250
715
243
735
242
758
279
816
261
819
267
863
302
906
288
926
290
956
335
1019
310
1026
314
1079
361
1126
338
1145
343
1191
395
1260
362
1260
368
1326
424
1387
390
1395
403
1458
458
1535
418
1530
430
1609
493
1680
450
1683
465
1762
527
1843
480
1839
494
1935
564
2005
512
2004
534
2115
598
2188
546
2181
565
2300
639
2376
581
2366
611
2502
681
2582
618
2570
641
2709
729
2794
660
2777
683
2934
770
3018
703
3005
718
3168
817
3256
746
3234
764
3418
864
3502
787
3486
806
3674
915
3768
829
3742
854
3950
969
4044
869
4012
899
4235
1025
4339
919
4295
944
4537
1086
4645
966
4589
997
4855
1136
4968
1023
4901
1044
5183
1199
5302
1066
5226
1102
5534
1247
5644
1124
5569
1153
5889
1318
6011
1167
5916
1214
6284
1373
6384
1230
6287
1267
6662
1453
6792
1274
6662
1327
7090
1507
7193
1346
7069
1379
7492
1586
7636
1403
7483
1439
7958
1639
8067
1477
7926
1495
8393
1720
8545
1531
8368
1566
8901
1786
9005
1595
8842
1633
9370
1873
9524
1646
9309
1703
9911
1952
10032
1718
9819
1763
10420
2037
10593
1781
10322
1824
10994
2111
11131
1861
10858
1889
11542
2184
11724
1929
11404
1964
12150
2260
12292
1999
11976
2046
12746
2351
12916
2058
12565
2125
13396
2443
13533
2129
13168
2201
14039
2538
14198
2205
13789
2266
14727
2624
14871
2285
14421
2346
